[Default]
lug_angle = 0.0
theta = 0.0
phi = 0.0
base_x = -15.5
L_d = 10.0
h = 15.0
b_a = 14.999999999999977
L_MIN = 15.5
L_MAX = 20.5
barrel_radius = 2.0
barrel_length = 60.0

[Upgraded_actuator]
lug_angle = 0.0
theta = 0.0
phi = 0.0
base_x = -15.499999999999996
L_d = 13.899999999999952
h = 15.999999999999973
b_a = 18.0
L_MIN = 15.5
L_MAX = 23.0
barrel_radius = 2.0
barrel_length = 60.0

[Optimal 2in stroke setup]
lug_angle = 0.0
theta = 0.0
phi = 0.0
base_x = -10.846
L_d = 20.0
h = 23.816
b_a = 15.166
L_MIN = 15.5
L_MAX = 20.5
barrel_radius = 1.4999999999999998
barrel_length = 60.0

[optimization_test1]
lug_angle = 18.905
theta = -6.2
phi = 24.45
base_x = -12.636
L_d = 21.03
h = 30.0
b_a = 15.0
L_MIN = 20.65
L_MAX = 30.91
barrel_radius = 1.7999999999999998
barrel_length = 60.0

