[Default]
lug_angle = 0.0
theta = 0.0
phi = 0.0
base_x = -15.5
L_d = 10.0
h = 15.0
b_a = 14.999999999999977
L_MIN = 15.5
L_MAX = 20.5
barrel_radius = 2.0
barrel_length = 60.0

[Upgraded_actuator]
lug_angle = 0.0
theta = 0.0
phi = 0.0
base_x = -15.499999999999996
L_d = 13.899999999999952
h = 15.999999999999973
b_a = 18.0
L_MIN = 15.5
L_MAX = 23.0
barrel_radius = 2.0
barrel_length = 60.0

